### FoV
- in v1.1, it's 49.1: https://github.com/SUDO-AI-3D/zero123plus/issues/39
- in v1.2, it's 30: https://github.com/SUDO-AI-3D/zero123plus/blob/main/README.md?plain=1#L15

### Elevation 
- absolute elevation
- in v1.1, it's 30, -20, 30, -20, 30, -20
- in v1.2, it's 20, -10, 20, -10, 20, -10

### Azimuth
- relative to input view
- 30, 90, 150, 210, 270, 330

### Lighting
- random HDRI environment lighting

### Distance
- Unknown
- looks like 1.2m given the information inferred below.


### User tweaked camera transformations:
- https://github.com/SUDO-AI-3D/zero123plus/issues/11
- T0: [0.9999500513076782, 0.004810694605112076, 0.008763475343585014, 0.010515931993722916],
        [0.008762343786656857, 0.0002564578899182379, -0.9999614953994751, -1.1999539136886597],
        [-0.004812757018953562, 0.9999883770942688, 0.00021429210028145462, 0.00025705056032165885],
        [0.0, 0.0, 0.0, 1.0]
- T1: [0.861971378326416, -0.24816764891147614, 0.442061185836792, 0.5305169224739075],
        [0.5069567561149597, 0.42257794737815857, -0.751280665397644, -0.9016107320785522],
        [-0.0003617570619098842, 0.8716884255409241, 0.49006035923957825, 0.5878257155418396],
        [0.0, 0.0, 0.0, 1.0]
- T2: [-0.008050278760492802, 0.34757664799690247, 0.9376169443130493, 1.1250077486038208],
        [0.9999675750732422, 0.0030544146429747343, 0.007453335449099541, 0.008942931890487671],
        [-0.00027326561394147575, 0.9376466274261475, -0.3475899398326874, -0.41733309626579285],
        [0.0, 0.0, 0.0, 1.0]
- T3: [-0.8660249710083008, -0.2501213252544403, 0.4329434335231781, 0.5195764899253845],
        [0.4999733865261078, -0.42414551973342896, 0.7550675868988037, 0.9061554074287415],
        [-0.005227487534284592, 0.870367705821991, 0.49237459897994995, 0.5906028747558594],
        [0.0, 0.0, 0.0, 1.0]
- T4: [-0.8700066804885864, -0.1741916537284851, -0.46124354004859924, -0.5534254312515259],
        [-0.4930136799812317, 0.2977108061313629, 0.8174996376037598, 0.9808858036994934],
        [-0.0050844247452914715, 0.9386296272277832, -0.34488925337791443, -0.4140926003456116],
        [0.0, 0.0, 0.0, 1.0]
- T5: [-0.008049866184592247, 0.4948376417160034, -0.8689481019973755, -1.0428248643875122],
        [-0.9999675750732422, -0.003890044754371047, 0.007048365660011768, 0.008458686992526054],
        [0.00010754966933745891, 0.8689767122268677, 0.4948529005050659, 0.5935773849487305],
        [0.0, 0.0, 0.0, 1.0]
- T6: [0.866024911403656, -0.17087915539741516, -0.4698948264122009, -0.5638080835342407],
        [-0.49997571110725403, -0.3053785562515259, -0.8104123473167419, -0.9723791480064392],
        [-0.005013220012187958, 0.9367733001708984, -0.3499008119106293, -0.4201057553291321],
        [0.0, 0.0, 0.0, 1.0]